62095849772681788938802103816377467008389027501460190213762639596596517114312
98977263427139500857385946122607287871269759456049002458393791219772548064728
76219494510548198557125714909527331753657601059206599536094990346285244394831
106383237368059411890454892276616028410797621752670209643214408429582822294788
47553556616915952231492948495615304744084411017525014218981078583145042822918
1104295203170975795071631709733898973515738223479664824037581399411013241158
64030027444321339005439473843463655914390162053327853750555807854882926238166
76219494510548198557125714909527331753657601059206599536094990346285244394831
610276320589482768851578473195729797726995614386941845766051496344160321606
98025300826088100040101316652619857569807022862982817786216054086163156034770
8066451976054677393273457980445420031066411169574099791443863976436169768621
3014391058208468744744766093698357184996901906110525841658869905514302768458
17399658893749659392299266987370241886003717864245366814566572916991577741778
18877284935590926177078586673847072589642305337226950880362504291890533086315
610276320589482768851578473195729797726995614386941845766051496344160321606
75973913020032077913418971895574490951717185114388464838008046032903510859482
69276549320990571703484649732816188241509208761905641133105942547624448893786
6611425301347149918116798423973206473549379916892082790590649610866599135863
3014391058208468744744766093698357184996901906110525841658869905514302768458
27847178789297818858497458608168035661079270691320923084204252060195774229744
610276320589482768851578473195729797726995614386941845766051496344160321606
69276549320990571703484649732816188241509208761905641133105942547624448893786
103599559418930614399623706659023171640805305033304331504895481099104380882702
98025300826088100040101316652619857569807022862982817786216054086163156034770
27847178789297818858497458608168035661079270691320923084204252060195774229744
18877284935590926177078586673847072589642305337226950880362504291890533086315
89347322817361481725091992197586622740231062821650882065630098298714936466726
101308360191688613286361318520636972223359026182173255749129123328413231284975
75973913020032077913418971895574490951717185114388464838008046032903510859482
18877284935590926177078586673847072589642305337226950880362504291890533086315
14044095290770393562687625207783324286624702234904898161431352030945828208134
